0.174000	-0.155000	0.478477
0.167000	-0.158000	0.592627
0.172000	-0.155000	0.668824
0.172000	-0.153000	0.783106
0.174000	-0.153000	0.859336
0.171000	-0.158000	0.973581
0.165000	-0.161000	1.087862
0.165000	-0.161000	1.164134
0.160000	-0.167000	1.278419
0.168000	-0.168000	1.392629
0.163000	-0.168000	1.468850
0.161000	-0.168000	1.583120
0.166000	-0.164000	1.659369
0.167000	-0.163000	1.773578
0.172000	-0.164000	1.887910
0.173000	-0.156000	1.964055
0.178000	-0.153000	2.078356
0.165000	-0.153000	2.192676
0.166000	-0.151000	2.268816
0.168000	-0.153000	2.383102
0.172000	-0.155000	2.459316
0.174000	-0.155000	2.573587
0.178000	-0.156000	2.687958
0.174000	-0.153000	2.764111
0.175000	-0.153000	2.878405
0.168000	-0.154000	2.992659
0.163000	-0.156000	3.068816
0.169000	-0.150000	3.183111
0.172000	-0.157000	3.259398
0.168000	-0.156000	3.373581
0.160000	-0.154000	3.487881
0.168000	-0.153000	3.564057
0.166000	-0.153000	3.678349
0.170000	-0.157000	3.792641
0.168000	-0.158000	3.868820
0.164000	-0.157000	3.983106
0.160000	-0.162000	4.059324
0.163000	-0.160000	4.173630
0.162000	-0.163000	4.287883
0.169000	-0.160000	4.364057
0.173000	-0.153000	4.478390
0.173000	-0.158000	4.592670
0.178000	-0.154000	4.668833
0.168000	-0.159000	4.783101
0.170000	-0.155000	4.859319
0.171000	-0.162000	4.973602
0.171000	-0.173000	5.087866
0.185000	-0.172000	5.164071
0.195000	-0.163000	5.278454
0.213000	-0.167000	5.392631
0.239000	-0.160000	5.468925
0.257000	-0.163000	5.583219
0.283000	-0.162000	5.659316
0.303000	-0.164000	5.773581
0.329000	-0.169000	5.887867
0.365000	-0.162000	5.964078
0.410000	-0.161000	6.078343
0.447000	-0.161000	6.192687
0.485000	-0.162000	6.268823
0.513000	-0.161000	6.383223
0.536000	-0.165000	6.459444
0.555000	-0.169000	6.573726
0.575000	-0.176000	6.687894
0.606000	-0.182000	6.764059
0.631000	-0.195000	6.878394
0.654000	-0.211000	6.992629
0.686000	-0.208000	7.068835
0.722000	-0.201000	7.183105
0.762000	-0.192000	7.259321
0.792000	-0.185000	7.373581
0.825000	-0.161000	7.487927
0.871000	-0.176000	7.564065
0.904000	-0.174000	7.678386
0.940000	-0.167000	7.792629
1.227000	-0.279000	8.478401
1.263000	-0.273000	8.592628
1.295000	-0.271000	8.668863
1.323000	-0.274000	8.783135
1.361000	-0.274000	8.859315
1.390000	-0.274000	8.973640
1.431000	-0.288000	9.087876
1.455000	-0.278000	9.164124
1.479000	-0.270000	9.278346
1.505000	-0.262000	9.392627
1.546000	-0.254000	9.468825
1.583000	-0.270000	9.583112
1.620000	-0.269000	9.659349
1.668000	-0.266000	9.773583
1.709000	-0.281000	9.887872
1.741000	-0.247000	9.964062
1.769000	-0.251000	10.078346
1.798000	-0.260000	10.192625
1.819000	-0.274000	10.268958
1.845000	-0.267000	10.383112
1.875000	-0.224000	10.459424
1.913000	-0.215000	10.573642
1.944000	-0.187000	10.687941
1.979000	-0.172000	10.764061
2.030000	-0.197000	10.878352
2.065000	-0.212000	10.992639
2.102000	-0.228000	11.068819
2.143000	-0.233000	11.183192
2.185000	-0.244000	11.259323
2.241000	-0.256000	11.373662
2.278000	-0.265000	11.487875
2.290000	-0.230000	11.564059
2.300000	-0.210000	11.678364
2.312000	-0.231000	11.792630
2.330000	-0.247000	11.868845
2.329000	-0.277000	11.983116
2.348000	-0.265000	12.059313
2.426000	-0.213000	12.287888
2.442000	-0.162000	12.364066
2.459000	-0.114000	12.478398
2.493000	-0.095000	12.592638
2.516000	-0.051000	12.668877
2.557000	-0.053000	12.783103
2.566000	-0.013000	12.859322
2.579000	0.030000	12.973659
2.601000	0.053000	13.087870
2.630000	0.079000	13.164059
2.650000	0.114000	13.278373
2.674000	0.135000	13.392673
2.701000	0.167000	13.468842
2.739000	0.186000	13.583115
2.763000	0.206000	13.659324
2.787000	0.196000	13.773599
2.811000	0.196000	13.887896
2.832000	0.210000	13.964074
2.863000	0.221000	14.078361
2.895000	0.257000	14.192629
2.927000	0.289000	14.268828
2.959000	0.294000	14.383109
2.985000	0.346000	14.459319
3.003000	0.395000	14.573673
3.015000	0.439000	14.687877
3.058000	0.452000	14.764065
3.092000	0.469000	14.878345
3.129000	0.495000	14.992631
3.165000	0.473000	15.068836
3.206000	0.479000	15.183113
3.254000	0.503000	15.259319
3.278000	0.520000	15.373588
3.301000	0.530000	15.487954
3.321000	0.541000	15.564075
3.336000	0.560000	15.678388
3.367000	0.591000	15.792627
3.377000	0.628000	15.868862
3.395000	0.652000	15.983101
3.420000	0.687000	16.059331
3.463000	0.754000	16.364070
3.474000	0.808000	16.478356
3.490000	0.833000	16.592632
3.496000	0.907000	16.668820
3.484000	0.985000	16.783101
3.512000	1.033000	16.859319
3.521000	1.087000	17.087887
3.521000	1.164000	17.164058
3.583000	1.225000	17.392631
3.570000	1.252000	17.468836
3.569000	1.278000	17.583106
3.565000	1.297000	17.659315
3.619000	1.325000	17.773658
3.659000	1.341000	17.887876
3.687000	1.373000	17.964061
3.693000	1.394000	18.078400
3.709000	1.426000	18.192716
3.709000	1.434000	18.268910
3.740000	1.453000	18.383104
3.740000	1.452000	18.459381
3.722000	1.436000	18.573600
3.700000	1.418000	18.687967
3.744000	1.470000	18.764064
3.763000	1.508000	18.878373
3.792000	1.555000	18.992634
3.805000	1.566000	19.068817
3.758000	1.514000	19.183109
3.716000	1.494000	19.373603
3.727000	1.514000	19.487873
3.757000	1.544000	19.564062
3.752000	1.546000	19.678341
3.765000	1.563000	19.792642
3.762000	1.572000	19.868819
3.771000	1.589000	19.983103
3.755000	1.589000	20.059320
3.774000	1.619000	20.173594
3.781000	1.624000	20.287899
3.786000	1.642000	20.364107
3.784000	1.664000	20.478373
3.793000	1.700000	20.592629
3.806000	1.767000	20.783132
3.813000	1.805000	20.859345
3.785000	1.848000	20.973596
3.767000	1.895000	21.087892
3.754000	1.938000	21.164055
3.735000	1.973000	21.278394
3.723000	2.003000	21.392630
3.716000	2.045000	21.468819
3.727000	2.083000	21.583102
3.716000	2.118000	21.659341
3.714000	2.146000	21.773633
3.684000	2.152000	21.887872
3.677000	2.164000	21.964073
3.709000	2.218000	22.078345
3.739000	2.262000	22.192668
3.770000	2.304000	22.268823
3.789000	2.338000	22.383178
3.793000	2.373000	22.459325
3.799000	2.414000	22.573630
3.817000	2.459000	22.687877
3.806000	2.488000	22.764099
3.807000	2.525000	22.878392
3.809000	2.564000	22.992631
3.797000	2.601000	23.068820
3.777000	2.633000	23.183222
3.768000	2.670000	23.259317
3.742000	2.700000	23.373580
3.720000	2.732000	23.487864
3.671000	2.727000	23.564062
3.587000	2.759000	23.868851
3.582000	2.812000	23.983111
3.583000	2.857000	24.059315
3.443000	2.926000	24.592669
3.425000	2.954000	24.668862
3.408000	2.978000	24.783124
3.393000	3.012000	24.859384
3.376000	3.040000	24.973588
3.364000	3.068000	25.087872
3.343000	3.087000	25.164067
3.331000	3.110000	25.278449
3.319000	3.142000	25.392631
3.301000	3.170000	25.468832
3.291000	3.198000	25.583108
3.282000	3.224000	25.659344
3.275000	3.253000	25.773593
3.251000	3.278000	25.887868
3.239000	3.309000	25.964103
3.218000	3.341000	26.078347
3.200000	3.368000	26.192690
3.179000	3.398000	26.268823
3.163000	3.428000	26.383127
3.139000	3.453000	26.459337
3.123000	3.483000	26.573637
3.108000	3.514000	26.687934
3.073000	3.570000	26.878367
3.064000	3.599000	26.992629
3.062000	3.634000	27.068888
-0.629000	4.453000	40.592629
-0.668000	4.429000	40.668823
-0.943000	4.229000	41.887870
-1.058000	4.131000	42.078346
-1.095000	4.138000	42.192649
-1.162000	4.149000	42.383126
-1.237000	4.113000	42.573621
-1.263000	4.108000	42.687869
-1.295000	4.113000	42.764074
-1.320000	4.106000	42.878348
-1.350000	4.088000	42.992629
-1.367000	4.050000	43.068915
-1.394000	4.003000	43.183113
-1.434000	3.992000	43.259329
-1.470000	3.976000	43.373579
-1.501000	3.975000	43.487870
-1.556000	3.928000	43.678385
-1.587000	3.915000	43.792650
-1.622000	3.899000	43.868826
-1.651000	3.879000	43.983109
-1.679000	3.860000	44.059325
-1.705000	3.842000	44.173584
-1.727000	3.822000	44.287880
-1.728000	3.835000	44.364066
-1.757000	3.803000	44.478425
-1.775000	3.749000	44.592638
-1.775000	3.663000	44.668897
-1.809000	3.680000	44.783105
-1.839000	3.641000	44.859370
-1.872000	3.613000	44.973585
-1.900000	3.569000	45.087876
-1.931000	3.541000	45.164075
-1.959000	3.513000	45.278417
-1.973000	3.486000	45.392629
-1.986000	3.452000	45.468826
-2.016000	3.425000	45.583104
-2.030000	3.403000	45.659320
-2.040000	3.378000	45.773594
-2.062000	3.358000	45.887865
-2.073000	3.344000	45.964104
-2.098000	3.306000	46.078420
-2.116000	3.272000	46.192630
-2.126000	3.240000	46.268829
-2.147000	3.207000	46.383122
-2.173000	3.168000	46.459356
-2.213000	3.116000	46.573582
-2.243000	3.078000	46.687909
-2.279000	3.043000	46.764059
-2.311000	3.006000	46.878348
-2.329000	2.965000	46.992628
-2.357000	2.923000	47.068831
-2.378000	2.889000	47.183108
-2.398000	2.852000	47.259371
-2.426000	2.819000	47.373582
-2.452000	2.793000	47.487865
-2.450000	2.767000	47.564061
-2.443000	2.730000	47.678343
-2.447000	2.692000	47.792628
-2.459000	2.659000	47.868825
-2.489000	2.623000	47.983111
-2.519000	2.587000	48.059330
-2.537000	2.548000	48.173583
-2.554000	2.519000	48.287943
-2.570000	2.492000	48.364058
-2.577000	2.466000	48.478371
-2.614000	2.437000	48.592648
-2.638000	2.407000	48.668828
-2.644000	2.375000	48.783119
-2.663000	2.317000	48.973601
-2.670000	2.286000	49.087907
-2.661000	2.257000	49.164059
-2.676000	2.225000	49.278347
-2.702000	2.202000	49.392636
-2.680000	2.166000	49.468839
-2.714000	2.125000	49.583103
-2.708000	2.104000	49.659425
-2.714000	2.073000	49.773587
-2.749000	2.033000	49.887906
-2.749000	2.010000	49.964074
-2.782000	1.964000	50.078345
-2.799000	1.922000	50.192631
-2.813000	1.889000	50.268825
-2.817000	1.857000	50.383122
-2.824000	1.814000	50.459423
-2.844000	1.779000	50.573584
-2.880000	1.747000	50.687902
-2.876000	1.710000	50.878350
-2.901000	1.662000	50.992642
-2.923000	1.631000	51.068825
-2.952000	1.602000	51.183181
-2.960000	1.565000	51.259334
-2.969000	1.530000	51.373630
-2.967000	1.499000	51.487890
-2.958000	1.469000	51.564059
-2.933000	1.441000	51.678346
-2.908000	1.413000	51.792641
-2.873000	1.374000	51.868822
-3.025000	1.125000	52.592670
-2.491000	0.910000	53.278342
-2.445000	0.846000	53.468825
-2.393000	0.509000	54.459328
-2.403000	0.473000	54.573584
-2.415000	0.400000	54.764055
-2.398000	0.334000	54.992631
-2.391000	0.300000	55.068822
-2.390000	0.269000	55.183103
-2.386000	0.228000	55.259319
-2.361000	0.167000	55.487902
-2.357000	0.131000	55.564059
-2.353000	0.099000	55.678409
-2.342000	0.067000	55.792629
-2.336000	0.029000	55.868824
-2.167000	-0.448000	57.392638
-2.067000	-0.848000	58.573578
-0.931000	-0.170000	59.792644
-1.171000	-0.468000	59.868823
-1.462000	-0.881000	60.059360
-1.554000	-1.024000	60.173601
-1.701000	-1.472000	60.783103
-1.691000	-1.591000	61.087875
-1.630000	-1.741000	61.468828
-1.621000	-1.775000	61.583106
-1.401000	-2.063000	62.573605
-1.367000	-2.098000	62.764084
-1.339000	-2.133000	62.878345
-1.320000	-2.170000	62.992637
-1.292000	-2.204000	63.068822
-1.275000	-2.235000	63.183110
-1.254000	-2.257000	63.259326
-1.233000	-2.280000	63.373587
-1.199000	-2.300000	63.487874
-1.190000	-2.325000	63.564072
-1.156000	-2.351000	63.678351
-1.114000	-2.367000	63.792629
-1.075000	-2.392000	63.868885
-1.045000	-2.420000	63.983101
-1.020000	-2.451000	64.059332
-1.000000	-2.476000	64.173583
-0.968000	-2.501000	64.287869
-0.929000	-2.523000	64.364057
-0.899000	-2.539000	64.478380
-0.871000	-2.557000	64.592632
-0.849000	-2.583000	64.668828
-0.803000	-2.611000	64.973585
-0.766000	-2.640000	65.087873
-0.729000	-2.670000	65.164067
-0.688000	-2.697000	65.278342
-0.658000	-2.726000	65.392636
-0.638000	-2.747000	65.468823
-0.610000	-2.773000	65.583106
0.339000	-1.877000	65.773680
0.038000	-2.358000	65.964056
-0.043000	-2.546000	66.078353
-0.196000	-2.743000	66.268825
-0.241000	-2.821000	66.383207
-0.272000	-2.901000	66.459328
-0.281000	-2.977000	66.573580
-0.291000	-3.027000	66.687935
-0.282000	-3.078000	66.764060
-0.261000	-3.125000	66.878392
-0.240000	-3.147000	66.992652
-0.225000	-3.164000	67.068887
-0.208000	-3.185000	67.183104
0.154000	-3.351000	68.973580
0.235000	-3.390000	69.087960
0.306000	-3.408000	69.164058
0.359000	-3.423000	69.278413
0.401000	-3.430000	69.392626
0.440000	-3.431000	69.468824
0.481000	-3.423000	69.583104
0.516000	-3.414000	69.659373
0.555000	-3.415000	69.773584
0.588000	-3.416000	69.887938
0.625000	-3.412000	70.192627
0.678000	-3.410000	70.268828
0.728000	-3.408000	70.383105
0.766000	-3.406000	70.459297
0.809000	-3.402000	70.573580
0.853000	-3.396000	70.687950
0.890000	-3.410000	70.764119
0.920000	-3.376000	70.878346
0.957000	-3.360000	70.992702
0.995000	-3.354000	71.068819
1.147000	-3.443000	71.487871
1.172000	-3.407000	71.564088
1.201000	-3.374000	71.678344
1.239000	-3.328000	71.792634
1.263000	-3.302000	71.868826
1.296000	-3.286000	71.983103
1.323000	-3.273000	72.059343
1.355000	-3.295000	72.173587
1.400000	-3.323000	72.287947
1.451000	-3.382000	72.364103
1.492000	-3.430000	72.478349
1.709000	-3.469000	73.164055
1.738000	-3.465000	73.278408
1.891000	-3.425000	73.773609
2.006000	-3.382000	74.078352
2.050000	-3.363000	74.192631
2.071000	-3.344000	74.268823
2.106000	-3.318000	74.383145
2.126000	-3.301000	74.459426
2.150000	-3.273000	74.573582
2.306000	-3.047000	75.983111
2.375000	-3.005000	76.059358
2.480000	-2.887000	76.287871
2.519000	-2.800000	76.364068
2.560000	-2.738000	76.478359
2.586000	-2.663000	76.592629
2.614000	-2.610000	76.668825
2.646000	-2.558000	76.783110
2.672000	-2.546000	76.859422
2.710000	-2.578000	76.973577
2.739000	-2.604000	77.087871
2.766000	-2.624000	77.164056
2.783000	-2.555000	77.278361
2.803000	-2.506000	77.392628
2.824000	-2.501000	77.468826
2.848000	-2.491000	77.583107
2.872000	-2.483000	77.659345
2.893000	-2.409000	77.773579
2.919000	-2.352000	77.887962
2.942000	-2.342000	77.964058
2.960000	-2.287000	78.078398
2.985000	-2.267000	78.192632
3.003000	-2.224000	78.268826
3.024000	-2.185000	78.383105
3.052000	-2.144000	78.459364
3.083000	-2.131000	78.573580
3.112000	-2.105000	78.687909
3.132000	-2.094000	78.764070
3.152000	-2.079000	78.878380
3.170000	-2.070000	78.992627
3.184000	-2.026000	79.068822
3.206000	-1.979000	79.183103
3.232000	-1.933000	79.259379
3.257000	-1.863000	79.373585
3.281000	-1.870000	79.487880
3.298000	-1.800000	79.564061
3.315000	-1.764000	79.678363
3.333000	-1.727000	79.792626
3.356000	-1.684000	79.868826
3.382000	-1.664000	79.983104
3.405000	-1.651000	80.059325
3.440000	-1.612000	80.287890
3.460000	-1.572000	80.364056
3.474000	-1.540000	80.478374
3.471000	-1.511000	80.592633
3.477000	-1.478000	80.668824
3.500000	-1.483000	80.783102
3.506000	-1.446000	80.859319
3.532000	-1.446000	80.973583
3.555000	-1.458000	81.087893
3.579000	-1.406000	81.164056
3.561000	-1.357000	81.278445
3.594000	-1.334000	81.392629
3.620000	-1.287000	81.468827
3.648000	-1.248000	81.583106
3.666000	-1.216000	81.659325
3.686000	-1.166000	81.773585
3.702000	-1.128000	81.887871
3.705000	-1.084000	81.964062
3.728000	-1.056000	82.078353
3.787000	-1.085000	82.192667
3.772000	-1.025000	82.268851
3.781000	-0.994000	82.383103
3.790000	-0.955000	82.459375
3.795000	-0.926000	82.573645
3.804000	-0.897000	82.687878
3.798000	-0.838000	82.764112
3.801000	-0.791000	82.878346
3.804000	-0.744000	82.992680
3.809000	-0.706000	83.068822
3.807000	-0.652000	83.183116
3.806000	-0.609000	83.259332
3.808000	-0.569000	83.373581
3.822000	-0.523000	83.564057
3.820000	-0.477000	83.678376
3.823000	-0.435000	83.792629
3.827000	-0.390000	83.868899
3.839000	-0.359000	83.983104
3.852000	-0.333000	84.059333
3.857000	-0.302000	84.173583
3.863000	-0.263000	84.287904
3.863000	-0.220000	84.364057
3.865000	-0.179000	84.478436
3.863000	-0.146000	84.592639
3.868000	-0.123000	84.668896
3.878000	-0.082000	84.783122
3.893000	-0.051000	84.859428
3.898000	-0.012000	84.973584
3.905000	0.019000	85.087870
3.898000	0.068000	85.164085
3.899000	0.109000	85.278343
3.897000	0.153000	85.392677
3.898000	0.186000	85.468890
3.899000	0.226000	85.583104
3.904000	0.268000	85.659329
3.911000	0.293000	85.773581
3.910000	0.333000	85.887874
3.916000	0.364000	85.964169
3.921000	0.387000	86.078341
3.924000	0.424000	86.192627
3.931000	0.428000	86.268837
3.939000	0.453000	86.459330
3.956000	0.478000	86.573581
3.960000	0.504000	86.687875
3.977000	0.569000	86.992633
3.987000	0.590000	87.068818
3.994000	0.615000	87.183175
4.022000	0.646000	87.259427
4.042000	0.682000	87.373601
4.044000	0.713000	87.487874
4.058000	0.742000	87.564059
4.056000	0.772000	87.678351
4.055000	0.808000	87.792632
4.070000	0.850000	87.868829
4.094000	0.896000	87.983104
4.119000	0.948000	88.059344
4.158000	1.003000	88.173665
4.196000	1.048000	88.287869
4.227000	1.071000	88.364062
4.259000	1.106000	88.478343
4.281000	1.126000	88.592628
4.292000	1.164000	88.668894
